0	0	1	0	-1	-1	0	0	0	0	0	0	9	24	16	10	4	1	1	0	0	0	-1	0	0	-1	-1	0	0	0	0	-1
0	0	0	0	-1	0	-1	0	-1	-1	-1	0	0	1	1	1	0	-1	0	0	0	0	1	0	0	0	0	0	-1	0	1	-1
0	0	0	-1	0	0	0	0	0	0	0	-1	123	212	133	70	34	19	10	4	2	1	1	4	1	0	0	0	0	-1	0	0
0	0	0	-1	-1	-1	0	0	0	0	0	0	4	2	0	0	-1	0	0	-1	0	1	0	0	0	0	0	0	-1	0	0	0
0	-1	0	-1	-1	0	0	-1	0	0	0	0	1	1	0	-1	-1	0	0	0	0	0	0	0	0	0	0	-1	0	0	0	0
0	0	0	0	0	0	0	0	0	0	-1	0	0	0	1	0	0	0	-1	0	0	0	0	0	0	0	0	0	0	0	0	0
0	0	-1	-1	-1	0	0	-1	0	-1	0	-1	0	0	0	0	-1	0	0	-1	0	-1	0	0	0	0	-1	0	-1	0	0	0
0	0	-1	0	0	0	0	0	0	0	0	-1	0	-1	0	0	0	0	0	0	0	0	0	0	0	0	0	0	0	-1	-1	0
0	0	0	1	1	0	1	1	1	0	1	9	169	173	96	47	23	11	5	3	3	5	2	1	1	0	0	1	1	2	1	1
-1	0	0	0	0	0	-1	-1	-1	0	0	2	106	118	66	32	15	7	4	1	0	0	-1	0	1	0	0	0	1	0	0	0
1	0	0	0	0	0	-1	0	0	0	0	0	0	0	0	0	0	0	-1	1	0	-1	0	0	1	-1	1	0	0	0	-1	0
-1	-1	0	0	-1	-1	-1	-1	-1	-2	-2	-2	2	7	3	1	0	-1	-1	-2	-1	-1	-1	-2	-2	-2	-1	-1	-1	-2	-2	-1
0	-1	0	0	0	0	0	0	-1	0	-1	0	1	0	0	-1	-1	-1	0	-1	-1	0	-1	-1	-1	0	0	-1	0	0	0	0
0	0	-1	0	0	0	0	0	0	0	0	2	2	0	0	0	0	0	0	0	0	-1	0	0	0	0	0	0	0	0	0	-1
0	0	-1	0	1	0	-1	0	-1	0	1	-1	0	1	1	1	0	-1	0	0	0	0	0	-1	-1	-1	0	0	0	0	0	0
0	-1	0	0	0	0	1	0	-1	0	0	0	0	0	-1	0	0	0	1	0	0	0	1	0	1	0	0	0	-1	0	0	0
0	0	-1	0	-2	0	-1	0	-1	0	-1	0	0	0	0	0	1	0	-1	0	0	1	0	-1	0	0	-1	0	0	0	0	0
0	0	0	0	0	-1	0	-1	-1	0	0	-1	-1	0	-1	0	0	-1	-1	0	-1	0	-1	-1	0	-1	-1	0	-1	-1	0	-1
-1	0	0	-1	0	0	0	0	-1	-1	0	-1	0	0	0	0	0	-1	0	0	0	1	0	0	-1	0	0	0	0	0	0	0
1	0	0	0	-1	0	0	0	-1	0	0	0	0	0	1	0	0	0	0	0	-1	0	0	0	1	0	0	0	0	0	0	-1
-1	0	0	0	0	0	1	0	0	0	-1	0	1	1	1	0	0	-1	-1	0	0	0	-1	-1	-1	0	0	0	-1	0	0	-1
-1	0	-1	0	0	0	0	0	0	0	0	1	2	1	1	0	0	0	0	0	-1	0	-1	-1	0	0	-1	0	0	0	0	0
0	0	0	1	-1	0	0	0	0	0	1	0	1	0	1	0	0	-1	0	0	0	1	0	0	0	0	0	0	0	0	-1	0
-1	-1	0	0	-1	-1	0	-1	0	-1	0	1	2	1	0	0	0	1	0	0	0	0	0	0	-1	0	0	-1	0	0	0	0
0	1	0	0	-1	-1	-1	-1	0	-1	0	0	1	0	0	-1	0	0	0	0	0	-1	-1	0	-1	0	-1	-1	0	0	-1	-1
0	0	-1	0	0	0	-1	0	-1	-1	0	0	0	-1	0	-1	0	0	0	0	0	-1	0	-1	0	0	0	1	0	1	0	0
0	0	0	0	0	0	0	0	0	0	-1	0	16	29	19	11	6	2	0	0	-1	0	0	0	-1	0	0	0	0	0	-1	-1
0	0	0	0	0	0	0	0	-1	0	0	0	0	1	0	0	-1	-1	0	0	0	0	-1	-1	0	0	-1	-1	-1	0	0	0
0	0	-1	-1	0	0	0	-1	0	0	0	0	1	2	1	0	0	0	-1	-1	0	0	0	0	0	0	0	-1	-1	-1	0	-1
0	-1	0	0	0	0	0	0	-1	-1	0	0	0	0	1	1	0	0	0	-1	-1	0	0	0	0	0	0	0	0	0	0	0
-1	0	0	-1	1	1	0	-1	0	0	-1	0	0	-1	-1	0	0	0	-1	0	0	0	-1	0	0	0	0	0	0	-1	-1	0
0	0	-1	-1	0	0	0	0	0	0	0	0	5	3	1	1	0	0	0	0	0	0	0	-1	0	-1	0	0	-1	0	0	0
0	1	0	0	1	0	0	0	1	0	1	0	2	1	1	1	1	1	1	1	0	1	1	1	1	0	0	1	0	1	1	1
0	0	-1	0	-1	0	0	-1	0	0	0	0	1	1	1	0	0	0	0	0	0	0	0	-1	0	0	0	0	0	-1	0	0
0	0	0	0	0	0	0	0	0	-1	0	0	2	3	2	1	0	0	0	-1	0	0	0	0	0	0	0	0	1	0	0	0
0	0	0	0	0	-1	0	-1	1	1	1	0	3	2	2	0	0	0	0	0	0	0	0	0	0	1	0	-1	0	0	0	-1
1	0	0	0	0	0	0	0	0	1	0	0	2	2	1	1	0	0	0	0	-1	0	0	0	0	0	0	0	0	1	0	0
0	0	0	0	0	-1	-1	-1	0	0	0	-1	0	0	0	0	0	0	0	0	0	0	-1	-1	-1	0	-1	0	0	0	0	0
0	-1	0	0	-1	0	0	-1	0	0	0	-1	0	3	2	1	0	0	0	1	0	0	0	1	0	0	-1	-1	0	-1	-1	0
0	-1	0	0	0	0	0	-1	0	1	0	0	0	0	0	0	-1	0	-1	0	-1	0	-1	0	0	0	0	-1	0	0	0	0
0	-1	0	0	0	0	0	1	0	0	0	0	3	3	2	2	0	0	0	-1	-1	0	0	0	-1	-1	0	0	-1	-1	0	0
0	0	0	0	0	0	0	0	0	1	1	0	0	0	0	1	0	0	0	0	0	-1	-1	0	-1	0	0	0	0	0	-1	0
-1	0	0	0	0	0	0	0	-1	0	0	0	1	1	0	0	-1	0	0	0	0	-1	-1	0	0	0	0	-1	0	0	-1	0
0	-1	0	0	0	0	-1	0	0	0	-1	0	2	2	2	1	0	-1	-1	0	1	0	-1	-1	-1	0	0	0	0	-1	-1	-1
0	1	0	0	-1	-1	-1	0	0	0	0	1	2	0	0	0	0	0	-1	-1	0	0	0	-1	-1	-1	-1	-1	0	0	1	0
-1	-1	0	0	0	0	0	0	0	0	-1	0	0	0	-1	0	0	0	0	0	0	0	0	0	-1	0	-1	-1	0	0	0	-1
0	1	0	0	1	0	0	0	-1	-1	0	0	0	0	0	0	1	0	0	0	0	0	0	0	0	0	0	0	0	1	0	0
-1	0	0	-1	-1	-2	-2	-1	-1	-1	-1	-1	0	-1	-1	-1	-1	-1	-1	-1	-2	-1	-1	-1	-1	-1	-1	-1	-1	-1	-1	-1
0	0	0	-1	0	0	0	0	0	0	0	0	-1	0	0	0	-1	-1	0	0	0	0	1	0	-1	0	1	0	1	0	-1	-1
0	0	0	-1	0	0	0	-1	0	0	0	0	0	0	0	-1	-1	0	-1	0	0	0	0	-1	-1	-1	0	0	0	0	0	0
0	0	0	0	0	0	0	0	0	0	0	0	0	0	1	0	0	0	0	0	0	0	1	0	0	0	0	0	-1	0	0	0
0	-1	-1	0	0	0	-1	-1	0	0	0	1	2	2	1	0	0	0	0	0	0	0	-1	0	0	0	-1	-1	0	1	0	0
0	0	0	0	0	0	0	0	0	0	-1	0	2	2	1	1	0	0	0	0	-1	0	0	0	0	0	0	0	0	0	-1	-1
1	0	0	0	1	0	1	1	1	1	1	1	3	4	3	2	2	1	1	1	1	1	1	2	0	1	0	0	0	1	1	0
0	0	0	0	0	0	0	0	0	0	0	0	0	0	0	0	0	0	0	0	0	0	0	0	0	-1	0	0	-1	-1	0	-1
0	0	0	0	-1	0	0	0	0	-1	0	0	0	0	0	0	0	0	0	0	0	0	0	0	0	0	-1	0	0	-1	0	0
0	0	0	0	0	1	0	-1	0	-1	0	0	-1	0	-1	-1	0	-1	0	-1	-1	-1	0	0	-1	0	-1	1	0	0	0	-1
-1	0	0	-1	-1	0	0	0	-1	0	-1	0	-1	0	-1	0	0	0	0	0	0	0	-1	-1	0	0	0	-1	-1	0	0	0
0	0	0	-1	0	0	0	0	0	-1	0	-1	2	2	1	0	0	-1	0	0	0	0	0	-1	-1	0	0	0	0	-1	0	0
0	-1	0	-1	0	0	0	0	-1	0	0	-1	0	0	0	0	0	0	0	0	0	-1	0	0	0	0	0	-1	0	0	-1	-1
0	0	0	0	0	-1	0	0	0	0	0	-1	127	278	186	93	45	20	9	4	2	1	0	2	0	-1	-1	-1	0	0	0	1
0	0	-1	0	0	0	0	-1	0	-1	-1	0	1	2	1	0	0	-1	-1	-1	0	-1	0	0	0	0	0	1	0	0	1	0
1	0	0	0	0	-1	0	0	-1	0	0	0	0	0	0	0	0	-1	0	0	0	0	0	0	0	0	-1	0	0	0	0	0
-1	0	0	0	0	0	0	-1	0	-1	0	0	1	1	1	1	-1	-1	0	0	0	-1	0	-1	0	0	0	0	-1	-1	0	0
-1	0	0	0	-1	0	1	0	0	0	0	56	294	250	138	70	32	15	6	3	0	1	0	1	0	0	1	-1	-1	0	0	1
1	-1	-1	0	0	0	1	0	0	0	0	-1	65	180	134	70	36	18	7	4	2	1	1	1	0	0	-1	-1	-1	-1	-1	0
0	0	0	0	0	0	0	0	0	0	-1	0	0	0	0	1	0	0	-1	0	0	0	0	-1	-1	0	-1	0	-1	0	0	0
0	0	0	0	1	0	0	0	0	0	0	1	1	0	0	0	0	0	-1	-1	0	0	1	-1	-1	0	0	0	0	-1	0	0
-1	-1	0	0	0	0	0	0	0	0	0	-1	0	1	0	0	0	0	0	0	0	0	-1	0	-1	-1	0	0	-1	-1	0	-1
0	0	0	0	0	-1	-1	0	0	0	-1	0	121	161	99	50	26	14	7	3	3	0	1	0	-1	-1	0	-1	0	0	-1	-1
0	0	0	0	0	0	-1	0	0	0	0	0	1	1	0	0	-1	0	-1	-1	0	0	0	0	0	-1	-1	-1	-1	-1	0	0
-1	0	0	-1	-1	-1	0	-1	-1	-1	0	0	2	3	2	1	-1	0	0	0	-1	0	0	0	0	0	0	0	0	0	0	-1
-1	-1	0	0	0	-1	0	1	0	0	0	0	-1	0	1	1	0	0	-1	0	0	-1	0	0	-1	0	0	1	0	0	0	0
0	0	0	0	-1	0	0	0	0	0	0	0	0	1	1	0	0	0	0	0	0	0	0	0	0	-1	-1	-1	0	0	-1	0
0	1	0	0	0	0	0	0	0	0	0	0	0	0	-1	-1	-1	0	-1	0	0	-1	0	-1	-1	0	0	0	-1	0	-1	-1
0	0	-1	0	0	0	0	-1	0	0	0	0	2	1	1	1	0	0	0	0	0	0	0	0	0	0	0	-1	0	0	0	0
0	0	0	0	0	0	0	0	0	-1	-1	-2	190	307	203	102	52	22	10	5	4	3	3	0	0	-1	0	-1	0	0	0	-1
0	0	0	0	0	-1	0	1	0	-1	0	0	0	0	0	0	0	0	0	0	0	1	0	0	-1	-1	0	0	0	0	0	0
-1	0	-1	0	0	0	-1	0	0	-1	0	0	-1	-1	0	0	0	-1	0	0	0	0	-1	-1	-1	-1	0	0	0	0	-1	0
0	0	0	0	0	0	0	0	0	0	0	0	2	2	0	0	1	0	0	0	-1	-1	0	0	-1	0	0	0	0	0	0	-1
-1	0	0	0	0	0	0	1	0	0	0	0	1	0	1	0	0	0	-1	0	-1	0	0	-1	0	0	0	0	0	0	0	0
-1	0	0	0	0	0	0	0	0	0	0	0	1	0	0	0	-1	0	0	-1	0	-1	0	0	0	0	-1	0	0	0	0	0
1	0	0	0	0	-1	0	0	0	0	0	-1	0	0	0	0	0	0	0	0	0	0	0	0	0	0	0	0	0	0	0	0
-1	0	-1	0	0	0	0	0	0	0	0	0	1	1	1	0	0	0	0	0	0	0	0	-1	0	-1	-1	-1	0	-1	-1	0
0	0	0	0	0	0	0	0	1	0	1	0	2	2	1	1	0	1	0	0	0	0	0	0	-1	0	0	0	0	0	0	0
0	0	0	0	0	-1	-1	0	0	0	0	0	2	3	1	1	0	-1	0	-1	0	0	0	-1	-1	-1	-1	0	0	0	-1	0
-1	0	0	-1	0	0	0	0	0	0	0	0	1	0	0	1	0	0	1	0	0	0	0	0	-1	0	-1	0	0	0	0	-1
0	0	0	0	0	0	0	0	0	1	0	0	2	3	1	1	0	0	0	0	1	-1	0	0	-1	0	0	-1	0	0	0	0
0	0	0	0	0	0	0	0	0	0	0	0	0	0	0	0	-1	0	0	-1	-1	0	-1	0	0	0	0	0	0	0	0	0
-1	-1	0	0	0	0	0	-1	0	0	-1	-1	-1	0	-1	-1	0	0	-1	-1	0	0	0	0	0	0	0	-1	0	0	0	0
-1	0	0	-1	0	0	0	0	0	0	0	0	1	1	0	0	0	0	0	0	0	-1	-1	-1	0	0	0	0	0	0	0	0
1	0	0	0	0	-1	-1	-1	0	-1	-1	0	-1	0	0	0	-1	0	0	0	0	0	-1	0	0	0	0	0	1	0	0	0
0	0	0	-1	0	0	0	0	0	0	0	1	3	2	1	0	0	-1	-1	0	-1	0	0	-1	-1	0	1	0	0	0	-1	-1
0	-1	0	-1	-1	0	0	0	0	0	0	0	1	1	1	0	0	0	0	0	0	1	0	0	0	0	0	0	0	0	0	0
0	-1	-1	0	0	0	0	0	0	0	0	0	1	1	0	0	0	0	-1	-1	0	0	0	0	-1	0	0	0	-1	-1	-1	-1
-1	-1	0	0	-1	0	0	0	0	0	-1	0	2	2	1	1	0	0	0	0	0	0	0	0	0	0	0	0	0	1	0	0
0	0	-1	-1	0	0	0	-1	0	-1	-1	0	166	212	132	64	31	15	7	4	1	1	1	1	-1	-1	-1	-1	-1	-1	0	0
-1	0	0	-1	0	-1	0	0	0	-1	0	0	2	1	0	0	0	0	0	-1	-1	-1	0	0	-1	0	-1	-1	0	-1	1	0
0	0	-1	0	0	0	0	0	0	0	-1	0	0	0	0	1	1	0	0	-1	0	0	0	0	-1	0	0	0	0	0	1	0
0	0	-1	0	0	-1	0	0	0	0	0	0	1	1	0	0	0	0	-1	0	0	0	1	0	0	0	-1	0	0	-1	-1	0